1
77 0
25 1
23 4
20 6
33 6
31 8
46 9
30 13
36 16
42 16
45 16
48 16
9 17
47 17
60 17
75 21
24 25
66 25
46 26
28 28
95 28
10 30
14 30
71 31
6 32
40 32
96 33
25 34
59 35
63 36
59 37
20 40
33 40
8 42
54 42
58 42
25 43
85 45
74 48
59 49
1 50
44 50
78 50
97 50
27 53
65 53
26 54
46 55
24 59
66 59
16 60
29 60
74 61
8 62
54 62
58 62
98 63
69 65
87 68
99 68
51 70
52 70
68 70
80 70
5 75
22 75
67 76
70 76
12 77
76 77
31 79
28 80
95 80
63 81
13 82
61 82
67 84
70 84
85 87
85 91
16 92
29 92
34 93
31 94
64 97
32 98
98 99
100 100
